[##....##.#] (2,5,6,8) (1,4,6,8) (0,1,2,3,4,5,6,9) (0,1,4) (1,2,3,4,5,6,7,8) (1,5) (5,7) (4,6,7,8,9) (2,9) (0,3,4,5,8,9) (0,1,4,5,6,7,9) (1,2,6,8) (3,4,9) {25,44,44,48,60,66,32,20,47,58}
[#.####..##] (1,2,9) (0,1,3,5,7,8) (1,3,4,7,8,9) (1,7) (1,4,5,9) (0,1,4,6,7) (0,1,9) (5,9) (0,2,3,4,5,7,8,9) {41,72,31,19,41,44,9,35,19,84}
[#.##] (0) (0,2,3) (1,2) (2,3) {15,8,19,11}
[##..##..] (0,1,3,4,5,7) (0,1,4,5,6,7) (5,7) (1,3) (0,2,3,5,6,7) (1,2,3,4,5,6) (0,1,3,4,6,7) (0,1) {55,43,18,43,31,49,33,56}
[...#.#.#.] (3,5,7) (3,4) (0,1,2,3,4,6,8) (0,1,4,5,6,7) (0,1,2,3,5,6,7,8) (3,7) (0,1,6) (0,1,2,3,4,7) {58,58,28,59,30,36,49,62,19}
[.##..] (1,2,3) (2,4) (0,2,3,4) (3,4) (1,2,4) (0,1,3) (3) {118,134,22,153,26}
[.#.....##.] (0,3,6,9) (1,2,4,6,7,8,9) (0,5,9) (0,1,2,4,7,8) (0,6,7,8,9) (3,4,5,6,7,8) (0,3,5,7) (2,3,4,6,7) (2,3,4,5,6,7,8) (1,2,6,9) (2,7,8) (0) (0,2,3,4,5,6,7,9) {71,46,95,181,172,148,199,205,151,71}
[#..#] (0,3) (0,2,3) (1,3) {37,15,17,52}
[.#..#.] (1,2,4) (0,1,2,3,4,5) (1,4,5) (0,1,2,3,4) {17,32,22,17,32,23}
[.##.#] (1,2) (1,4) (0,2,4) (1,3) (1,2,4) (0,1,3,4) (0,1,2,3) {52,175,58,36,171}
[##.#...#.] (0,1,4,5,6,7) (1,4,6,7,8) (1,4,6) (0,1,3,4,5,6,8) (1,2,4,6,7) (1,2,3,4,5,6) (0,2,5,6,8) (0,3,5,6,7,8) (0,2,4,5,6,7) {35,55,40,35,55,54,80,31,34}
[##....#..] (1,2,3,4,5,8) (5,8) (1,2,3,4,5) (0,1,2,3,4,7,8) (1,5,6,7,8) (0,1,3,6,7,8) (5,6) (0,2,3,5,7) (0,3,6) (0) {48,39,30,52,20,67,46,32,54}
[##.#] (0,1,3) (0,1,2) (0,2) (2,3) (0) {47,25,29,24}
[.#..#.###] (2,3) (0,1,2,3,4,7,8) (0,4,7) (0,1,2,3,5,6,8) (0,1,2,3,4,6,7,8) (5,6) (0,1,2,3,4,6) {43,39,54,54,26,17,24,23,36}
[..#..#..] (1,3,4,5,6,7) (0,3,4,5,7) (2) (2,5) (1,2,4,5,6,7) (0,2,5) (1,2,4,6,7) (2,3,7) {21,28,72,18,37,44,28,42}
[##.#] (0) (1,2,3) (0,1) (0,1,2) (1,3) {33,27,20,14}
[###.] (1,3) (0,1,2) (1,2,3) (0,2) {7,15,19,15}
[..#.##..#.] (0,1,2,3,6,8,9) (0,3,8,9) (1,7,8) (0,1,3,5,7,9) (1,2,5,7,8,9) (0,1,2,5,6,8) (0,2,3,5,9) (1,3,4,6,8) (1,2,4) (0,5) (0,1,2,4,5,6,7,8) {40,85,62,28,31,45,35,47,66,41}
[###.] (1,3) (0,1,2) {2,19,2,17}
[###.#.##.#] (0,1,3,5,6) (0,4,7,9) (1,4,6,8) (2,5) (3,5,9) (1,3,6,8) (0,8) (8) (0,1,3,6,7,8,9) (0,1,2,4,5,6,8,9) {59,59,18,43,34,28,59,33,75,47}
[#..##...] (0,3,6,7) (1,3,4,5,7) (0,2,3,5,6,7) (0,1,2,3,4,6,7) (0,1,3) (1,2,3,6,7) (0,1,4,6) {37,33,21,49,16,11,36,40}
[..##.#] (1,2,3,4) (2,4,5) (0,2,4,5) (2,3) (0,3,4) {29,8,51,29,48,31}
[....###.] (0,4,5,7) (1,2,3,5,6) (0,4,5,6,7) (0,2) (0,1,2,7) (0,3,4,6,7) {33,23,27,25,25,38,32,29}
[#..#...] (0,4) (1,2,3,4,6) (1,3,5) (0,2,3,5,6) (1,3,4) (0,1,2,3,5) (0,4,6) {31,40,39,47,20,32,21}
[##..#.####] (0,1,3,4,6,7,8) (2,5) (1,3,4,6,7,8) (2,4,5,8) (0,1,6,7,8) (0,3,4,5,6,7,8,9) (7,9) (2,3,6) (1,2,4,5,6,7,8,9) {5,40,62,33,59,56,52,53,59,32}
[#.##] (0,3) (0,2,3) (2) (1,2) (0,1) (1,3) {32,214,30,194}
[##.#.##.#] (0,1,2,3,4,5,6,8) (0,3,6,7) (1,3,4,7,8) (0,2,3,5,6,7,8) (0,2,6,7,8) (0,2,4,5,6,7) (1,2,3,4,7,8) {164,150,175,161,155,136,164,58,173}
[.#.#.##.#] (1,4,6,7) (7,8) (1,2,4,7) (0,2,4,5,6,8) (1,2,3,4,5,8) (1,3,5,6,8) (3,4,5) (0,1,3,4,6) (3,7) (1,3,4,6) {15,43,30,59,60,58,43,22,50}
[#.##.] (1,2,4) (0,3,4) (0,1,3) (2,4) (0,2,4) {27,22,26,21,32}
[#.##.] (0,1,4) (0,2,3) (0,3,4) (1,2) (1,2,3) {165,176,50,41,148}
[##.....##] (0,1,3,7) (0,3,4,6,7,8) (1,4,5,6) (0,2,3,5) (0,7,8) (7,8) (6) (0,1,7,8) {59,41,9,40,36,26,37,50,38}
[###....#.#] (4,7,8) (0,1,3,5,6,7,8,9) (0,1,3,4,5,7) (2,3,4,5,6,7,8) (0,3,4,5,7,8) (0,1,6,8,9) (0,4,5) (0,3,6,9) (0,1,2,3,4,5,6,8) (2,3,4,5) (2,8) (0,1,5,7,8) {97,64,41,77,76,93,38,57,71,25}
[###.#..] (1,3,4,5,6) (0,1) (0,1,2,3,4,6) (1,2,3,4,6) (2,3,5) (1,3,5,6) (0,1,2,3,6) (0,2) {54,215,226,228,189,38,212}
[..#....#] (2,4,5,7) (0,1,4,5,6,7) (0,1,7) (3,5,6) (3,4,5,6,7) (0,1,2,4,5,6) (1,4) {33,53,9,24,49,46,46,31}
[.....####] (0,2,6,8) (0,1,2,3,4,8) (0,1,2,3,8) (3,4,5,8) (1,4,6,7) (2,4,7) (0,1,3,4) (0,1,2,3,5,6,7) {65,62,63,63,77,22,41,34,64}
[.#.##..] (1,2,6) (0,2,3,4) (0,5) (1) (1,3,4,6) (0,1,2) (1,2) (0,1,4,5,6) {44,218,183,4,23,24,31}
[##.##.##] (0,1,4,6,7) (3,6,7) (1,7) (1,2,3,4,5,6,7) (0,1,2,5,7) (0,6) (0,1,3,4,5,7) (0,1,2) (2,3,4,6,7) {192,56,48,46,39,19,217,82}
[.##.#] (1,3,4) (1,2,4) (0,1,2,3) {150,164,156,158,14}
[#######.#] (1,8) (0,1,2,3,4,6,7) (3,8) (1,2,4) (0,1,4,6,7) (1,2,3) (2,4,5,7) (2,4,7,8) (0,2,3,4,5) (0,3,4,5,8) {22,53,70,42,51,13,12,29,24}
[#.##] (0,2) (0,2,3) (0,1,3) {7,4,3,5}
[#..#.....#] (1,5) (0,3,5,6,7,8,9) (0,1,2,4,5,7,8) (1,3,9) (0,1,3,5,6,7,8,9) (0,1,2,4,5,8,9) (6,8) (1,2,3,4,5,8) (1,3,4,5,6,8,9) (0,1,2,3,4,6,8) (2,4,5,6,7) {55,87,76,51,90,92,62,37,101,44}
[##.####.] (3,4,5) (0,6,7) (0,2,4,5,7) (0,1,4,5,6,7) (2,6,7) (0,2,5,6,7) (0,1,2,3,5,6) (0,4,6,7) (1,2,3,5,6,7) {188,16,181,15,45,180,191,202}
[.#..#.###] (0,3,5,6,7) (2,3,4,5,6,8) (0,1,2,3,4,5,6,8) (0,1,2,3) (0,1,2,6) (0,1,3,7,8) (0,1,5,6,8) (4,8) (0,2,3) (5,6) (0,3,4,6) {279,232,41,255,52,73,95,202,239}
[##.#] (3) (0) (2) (0,3) (0,1) (0,2) {182,14,26,154}
[..##...##] (0,2,3,4,5,8) (0,6,8) (2,3,7,8) (0,1,4,5,7,8) (0,1,3,5,6) (0,6,7) (0,5) {46,16,20,33,5,20,39,33,37}
[.###] (1,2,3) (0,1,2) {1,20,20,19}
[....#.#] (0) (0,2,5,6) (1,2,3,5,6) (1,2,3) (3) (0,1,2,4,6) (0,2,3,4,6) (3,4,5) {12,31,32,36,10,23,23}
[.#.#] (1,3) (0,3) (0,1,2) {27,117,7,130}
[..#..] (1,3) (2,4) (0,2,3,4) (1,2) (0,1,2) {149,35,164,147,145}
[.#..#.#.] (5,6) (0,4) (3) (2,3,6) (0,2,3,4,5) (1,2,3) (0,1,6) (0,1,2,5) (0,1,2,3,4) (0,1,2,3,6,7) {41,51,58,66,13,13,41,8}
[#.#.##....] (3,4,5,7) (5,6,7,9) (0,2,5,6,7,8,9) (0,4,6,9) (2,4,6) (0,2,6,8,9) (0,1,2,4,5,6,7,8) (2,5,6) (1,5) {46,19,38,12,53,61,76,51,26,48}
[.##..] (0,2,3) (0,1,3) (0,1,2,4) (1,2) {188,175,33,182,6}
[##.#.] (0,1,2) (1,3,4) (2,3,4) (0,2,3) (0,3,4) (3) (1,4) {19,32,25,188,30}
[.#...#...] (1,2,3,4,6,8) (3,4,5,6,7) (1,2,5,6,7,8) (1,2,5,6,7) (1,5) (0,1,4,7,8) (1,3,4,5) {3,230,205,18,21,232,211,213,13}
[.#.#...#] (4,5,6,7) (1,5) (0,1,4,6,7) (0,1,3,7) (1,2,5,6,7) (0,4,5) (1,3,7) (1,3,5) (0,2,3,4,5,7) {234,244,12,212,54,66,37,236}
[.##.] (1,2,3) (0,1,3) (0) (0,2) (0,1) (1,2) {32,55,36,20}
[######...] (0,1,2,3,6,7,8) (0,2,3,5,8) (0,1,3,4,6,8) (5,7,8) (0,4,8) (0,1,2,3,4,6) (0,2,3,5,6,7) (2,3,4,6,8) {190,8,188,189,21,187,171,169,44}
[.##...] (0,1,2) (2,3) (1,3,4) (3,5) (0,1,4) (2,3,4,5) (4) (0,2) {26,23,38,33,23,7}
[.#.#...] (1,2,3,4,5,6) (0,1) (1,2,6) (0,2,3,4,5,6) (0,2,4,6) (0,2,3,5,6) (1,3) {50,43,80,66,51,53,80}
[.##.] (1,2,3) (0) (0,1,2) (1,2) (0,1) (1,3) {35,49,32,29}
[####] (2,3) (0) (1) (0,2,3) {35,5,15,15}
[....##.##.] (1,3,5,9) (0,3,5,7,8) (0,1,3,4,5,6,8) (0,2,4,6,8) (1,2,6,9) (2,4,6,7) (0,4,6,7,8,9) (0,1,2,4,5,6,9) {152,31,40,126,45,134,57,137,144,42}
[#.##] (0,2,3) (2) (1,3) {13,18,13,31}
[...##.] (0,1,2) (0,1,2,3) (0,3,5) (2,4,5) (1) {25,17,24,19,12,25}
[...#.] (0,3,4) (2) (1,3,4) (2,3) {19,5,161,183,24}
[.###.###.#] (5,9) (1,2,3,4,7,9) (2,3,4,5,6) (0,1,2,6,7,9) (0,2,3,4,6,8,9) (0,2,3,5) (1,2,3,5,6,8,9) (2,7) (2,4) (0,3,4,5,6,7,8,9) (6,7,8) {25,26,56,36,20,36,26,50,17,44}
[...#.##..#] (1,5,6,9) (1,2,3,5,6,8) (2,3,4,5,8,9) (0,3,6) (1,2,3,4,6,8,9) (0,2,3,4,5,6,7,8) (0,2,5,8,9) (0,2,3,4,6,8,9) (0,1,2,3,4,5,6,8) (3,4,7,9) {55,38,60,54,45,62,57,19,60,47}
[.##..#] (1,3,5) (0,1,2,4,5) (0,3,4) (0,1) (0,2,5) (3,4) (1,2,5) {45,38,49,22,35,52}
[#.####.] (0,2,3,6) (4) (0,2,3,4,6) (0,5,6) (1,2,4,5,6) (0,3,5) (3,6) (0,1,2,4,5,6) {58,27,44,39,57,54,73}
[###..#.#] (0,3,5) (0,2,3,4,5,7) (0,4,5) (0,2,4,5,6,7) (0,1,2,3,5,6,7) (3,7) (3,4,5,6,7) (3,4,5,6) (4) (1,3,4,5,7) {70,27,33,80,64,89,35,65}
[.#.#....] (1,2,3,4,5,7) (0,1,3,4,6,7) (0,3,6,7) (1,2,4,5) (0,1,6,7) (1,5) {16,40,20,8,21,31,16,16}
[.#.#] (0,1) (0,2) (0,3) (2,3) (1,2) (1,3) {25,24,26,23}
[...#.] (0,1,2,4) (3,4) (2,3,4) (1,2,3) (0,4) (0,3,4) (0,1,2) {38,22,40,52,56}
[#..#.#..##] (0,2,4,7,8) (0,1,2,3,5,6,8,9) (6,8) (3,8) (2,4,6,7,8) (0,1,2,5,6,7,8,9) (0,2,4,5,6,7,8) (0,2,4,6,8,9) {54,16,60,19,44,29,63,44,91,32}
[.#####] (0,2) (1,3) (3,4,5) (2,3,5) (0,3) (0,1,2,3,4) {26,20,18,46,7,11}
[##...#.##] (0,2,8) (1,4,6,7) (2,3,6) (3,5) (1,2) (2,3,4,5,6,7) (4,5,6) (0,1,3,4,5,6,8) (0,1,2,3,5,6,7,8) {41,50,53,56,46,47,83,41,41}
[.##..#..] (2,5,6,7) (0,1,2,4,6,7) (1,2,3,5,7) (0,6) (0,1,2,4,5,6,7) (1,2,3,4,6) (3,4,5,6) (0,1,2,5,6) {49,60,74,37,52,63,80,69}
[...##] (0,1,2) (1,2,4) (0,2,4) (2,3,4) (0,1,3) (3,4) {12,28,33,35,39}
[#..##..] (5,6) (0,6) (4,5,6) (0,1,2,5,6) (1,3,5) (0,2,3,4) (2,3,4,5,6) (0,3,4,5,6) (1,3) {51,46,36,60,43,73,67}
[..#.##..] (0,1,2,4,5,6,7) (1,2,4) (0,1,2,6,7) (1,5) (0,1,2,3,4,6) (2,5,6,7) (3,6) {29,53,44,3,28,19,29,26}
[...#..#] (2,3,4,6) (0,3,4,5,6) (1,3,4,5) (0,1,2,6) (3,6) {29,25,26,62,47,32,59}
[#.####] (0,1,3,4) (0,1,2,3,5) (0,1,2,4) (0,5) (4) (0,4,5) {60,34,24,28,44,44}
[.####] (0,2) (0,1,2,3) (0,2,4) (1,2,3) (1,3,4) (1,2) {16,26,36,19,14}
[.####] (1,2) (0,2,3) (0,1,4) {169,169,24,12,157}
[..#.] (2) (0,2) (1,2) (0,1,3) (3) {9,27,41,20}
[.###.##] (0,4) (1) (0,3,4) (1,2,3,5) (0,2,4,5) (2,5) (1,6) {38,45,44,34,38,44,7}
[.####.#.] (0,3,5,7) (1,2,3,4,6,7) (2,5) (0,1,3,4,6) (1,3,5) (3,6) (0,1,2,4,5,6,7) {19,23,18,22,20,20,26,11}
[###..] (1,2,3) (1,3) (2,3,4) (0,4) {3,24,18,28,7}
[..#..] (2,4) (1,3) (0,3) (2) (0,1,3) (0) (0,1,3,4) {200,31,18,49,3}
[.#.###.] (2,4,5,6) (1,2,4,5,6) (1) (0,2,5,6) (0,1,2,3,6) (1,2,3,6) (0,4) {8,28,34,6,31,28,34}
[.###....##] (1,2,3,4,5,6,7,9) (0,1,2,4,5,6,7,9) (0,3,5,6,7,8,9) (5,7) (0,3,7) (2,3,5,7,8,9) (0,1,2,4,7,9) (0,2,4,5,6,7,8) (2,5,8) (1,2,3,4,5,6,7,8) (4) (0,1,3,5,6) (0,1,2,3,4,5,9) {99,88,104,98,107,120,103,130,61,77}
[.#...##] (1,2) (0,4,6) (2,3,6) (0,2,4,5) (0,1,2,4,5,6) (0,2,3) {38,18,57,29,20,20,21}
[.#.###.###] (2,3,8) (0,1,8) (0,3,9) (0,2,3,5,8,9) (0,2,3,4,6,8,9) (0,1) (0,2,3,4,5,6,7,9) (0,1,2,4,5,7,9) (2,6,9) (0,1,3,4,5,6,8,9) (0,1,2,3,4,7,8) (1,2,3,4,5,6,8) (0,1,2,3,4,6,7,8,9) {230,59,214,198,188,190,161,183,51,199}
[..##] (0,2) (0,3) (1) (0,2,3) (2,3) {27,19,29,31}
[#.#..#.#.] (0,1,3,8) (0,2,4,5,8) (1,4,5,6,7,8) (1,2,4,5,6,7) (0,3,5) (0,1,2,3,5,6,8) (6) (1,2,4) (1,3,7,8) (0,4,5,6,7) (3,4,6,8) {47,65,33,41,64,67,64,61,48}
[####] (0,1,2) (1,3) (1,2,3) (0,2) (1) {19,63,36,36}
[##...##] (3,4,6) (1,3,5) (3,5) (4) (1,4,6) (0,1,2,4,6) (1,5) (1,2,3,6) (3,6) {2,36,7,44,32,21,35}
[####..] (0,1,2,3) (1,3,5) (2,5) (0,2,3,4,5) (0,4) {26,20,23,26,19,29}
[##..#] (0,2,3,4) (1) (0,2,4) (1,2,4) (3) (2,3) (0,1,4) {26,32,23,23,34}
[#..##.#] (1,2,5,6) (1,2,3,4,5,6) (2,4,5) (1,2,3,4,6) (0,1,2,3,4,6) (1,4) {8,35,25,24,34,15,25}
[##.#] (1,3) (0) (1,2) (0,2,3) {11,11,13,6}
[##.#] (0,1,3) (0,2,3) {25,6,19,25}
[###.#.####] (0,3,8) (1,6) (0,2,4,5,6,7) (0,4) (0,1,2,5,6,7,8,9) (0,3,4,7) (6,9) (0,1,2,4,6,7,8) (1,2,3,6,8) (0,1,3,4,5,8) (4,7,8,9) (1,3,5,7,8,9) {59,236,221,212,63,38,239,72,243,37}
[..#.##...#] (1,4,6,8,9) (2,3,9) (0,1,2,3,5,7,8) (2,7) (1,8) (0,1,2,3,4,6,8,9) (5) (3,6,7) (1,4,9) (0,1,2,4,6,7,8,9) (1,2,6,7,8) (0,2,4,5,6,7,8) (0,6) {47,71,80,59,42,28,54,66,62,60}
[####.] (0,3,4) (0,2,3,4) (1,3) (0,1,3) {27,4,9,27,23}
[.###.#.#.] (0,2,3,4,5,6,7,8) (2,3,4,5,6,7) (0,3,4,5) (0,2,7) (2,3,4,5,6,7,8) (0,5) (2,6,8) (1,2,3,4,6,7) (1,2,5,8) (0,1,2,3,4,6) (1,3,6,7,8) {48,41,81,59,57,59,55,56,46}
[..#.....] (1,3,5) (0,1,4,5,6) (0,2,3,4,6) (2,3) (1,4,7) (1,2,3,4,6,7) {24,51,15,30,40,35,28,16}
[.###.#.] (0,6) (1,3,5) (5,6) (1,2,4,5) (2,4,6) (0,4,5) (1,6) (1,3,4,5,6) (1,2,3,4,5,6) {32,48,30,31,64,70,56}
[#....] (3) (1,2,3) (0,1,3,4) (1,3) (0,2) {36,52,37,60,17}
[###..##.#.] (0,4,5,6,7,8,9) (0,1,2,5,7,8,9) (1,2,5,6,7) (1,4,6,8,9) (0,4) (0,3,8,9) (7) (0,1,2,4,6,7,8,9) (4,7,8,9) (6,8) (0,1,3,5,6,7,8,9) {59,60,35,16,50,56,64,73,82,74}
[.#...#.###] (1,2,3,4,5,6,7,8,9) (0,8,9) (1,4,5,6,7,9) (0,4,8) (0,6) (0,1,3,4,6,8) (1,2,4,6,7,9) (2,6) (1,3,6) (0,1,2,4,5,6,9) (1,5) (0,1,2,4,5,6,7,8,9) {61,101,59,40,76,50,118,52,40,67}
[#.#..] (1,2,4) (1,4) (1,2) (2,3,4) (0) (1,2,3,4) {19,30,37,13,25}
[##.##.] (0,1,3,4,5) (0,1,4,5) (0,1,3,4) (0,2,5) (2,3,4,5) (0,1,3) (0,5) {231,201,15,198,195,51}
[.#...#.#] (0,1,3,5) (3,4,5) (3,4) (2,3) (0,4,6) (1,7) {18,25,4,28,32,9,13,20}
[#.....#..] (5,8) (2,3,7,8) (1,6) (1,2,3,4,5) (1,2,3,5,6,8) (1,2,3,6,7,8) (0,1,2,3,8) (1,6,8) (0,1,4,6,7) {143,173,181,181,11,19,29,29,176}
[##.#..] (0,2,5) (0,2,3,5) (0,4) (0,1,2,3) (0,3,4) (1,2,3,4) (0,3,5) {46,26,41,42,23,25}
[...#] (1,2,3) (0,2) (3) (0) (0,1) (2,3) {34,16,21,27}
[#.####.##] (0,1,2,4) (0,6) (1,4,7) (1,3,4,5) (3,6,7) (2,4,5,6) (0,1,3) (5,6,8) (5,8) (3,4,8) {26,28,26,26,49,32,53,24,7}
[.#####.###] (1,2,3,4,7,8,9) (0,1,2,3,4,6,8) (0,2,5,8) (6,8,9) (0,2,4,5,6,7,8,9) (2,6,9) (2,3,4,5,6,7) (0,1,2,3,6,8) (5,6,7,8) (0,1,2,3,4,5,8) {48,39,62,42,44,52,52,29,82,23}
[.#..#] (3,4) (0,3) (1,3) (2,3) (0,1,2,3) {12,12,164,187,1}
[.....#..] (1,2,3,7) (5,6,7) (1,2) (1,3,4,5) (5,6) (0,2,4) (1,2,5,6) (2,3,4) (5) {15,32,40,11,26,44,28,8}
[..###...] (1,3,4,5,6,7) (0,2,3,4,5) (0,6,7) (0,1,2,4,5,7) (0,2,3,4,5,6) (0,1,3,5,6,7) (1,2,4,7) (0,2,4,6) (0,3) (2,3,7) {85,45,62,82,68,75,63,76}
[.#..#..#] (1,2,3,5) (1,3,7) (1,2,4,5,6,7) (0,1,3,5,6) (0,2,4,7) (0,1,2,3) {42,51,40,42,28,30,25,42}
[...#..] (2,3,4,5) (4) (3,4,5) (0,1) (1,2,4) (3,4) (0,1,4,5) {20,28,20,195,238,199}
[..##.#] (2,5) (0,2,4,5) (2,4) (0,3,4,5) (1,5) (0,1,2) (1,3) (1,2,3) {40,35,52,39,46,62}
[#####] (2,3) (0,2,3) (0,1,4) {28,15,18,18,15}
[#.....##] (4,5,7) (2,3,5) (2,3,5,6) (0,1,3,5,6) (1,3,5,6,7) (0,1,4,6) {17,33,40,64,15,70,53,22}
[#..##.] (0,1,2,5) (0,3,4) (0,1,3,5) (0,1,2,3,5) (0,5) (1,3) {54,21,14,23,14,40}
[####.####] (3,4,6) (2,7,8) (0,1,3,4,5,6) (2,6) (3,6) (1,6) (1,2,4,6,7) (3,4) (0,4,5,8) (0,2,3,4,7,8) (0,2,3,6) {36,129,148,67,147,11,180,126,27}
[.#.####] (1,2,4,5,6) (1,3,4,5,6) (0,1,2,5) (1,2,3,4,5,6) (0,1,4) (0,1,2,3,6) (1,3,4) {20,68,51,45,51,41,48}
[.#.#] (0,2) (1,3) {183,1,183,1}
[.####] (2) (0,1) (1,2,3) (0,3,4) {117,108,19,17,13}
[.#..#.] (2,5) (1,2,4,5) (1,2,3,4) (0,1,4) {20,45,40,18,45,22}
[#####.#] (2,4,5,6) (0,1,4,5) (0,1,2,3,4,5) (1,3,5,6) (0,1,2,4,6) (1,3,6) (0,1,5,6) {49,71,32,29,52,70,63}
[.##..#..] (4,5) (0,1,2,4,6) (1,2,3,5,7) (0,1,2,3,5,6) (0,1,3,5,6) (2,3,4,7) (3,4,5) (0,1,2,6) (3,4) (1,2,5) {38,69,71,83,57,73,38,34}
[.##.#] (1,2,4) (0,1,2,3) (1,2) {1,26,26,1,10}
[#.###..#] (2,3) (0,3,4,6,7) (1,2,3,4,5) (2,3,4) (1,2,5) (0,7) (0,1,4,7) (0,2,3,4,6,7) {48,12,30,48,52,2,28,48}
[###..##] (0,2,3,4,5) (0,1,2,4,5,6) (2,5) (1,2) (0,1) (0,3,5) (2,3,4,6) (1,2,3,4) (0,2,4) {55,30,64,27,39,39,11}
[...##..] (3,4) (2,3,4) (0,1,3) (2,3,4,6) (0,1,4,5,6) (0,4,5,6) {34,23,21,33,57,29,31}
[##..#..#.#] (0,5,7) (2,5,6) (0,1,3,4,5,6,7,8) (0,1,2,4,5,6,8,9) (0,1,2,3,5,7,8) (5,9) (3,4,5,6,7,8) (0,1,3,4,5,7,8,9) (2,4,7,8) (3,5,6,7,8,9) (0,1,2,4) (0,1,2,3,5,6,7,9) {61,49,59,174,60,206,166,200,190,154}
[....#.] (0,1,3,4) (0,2,3,5) (0,2,3,4,5) (1,3,4,5) {29,16,18,34,18,23}
[#..#] (2,3) (0,1,3) (1,3) (1,2) (0,1) {25,35,15,24}
[..#####] (1,2,3,4,6) (2,4,6) (0,1,3,4,6) (2,3,5,6) (2,3) (3,5) (0,4,5) (0,3,4) (0,2,3,4,6) {32,18,59,73,57,50,54}
[#..###] (1,4,5) (0,3,5) (2,3) (0,2,3,5) (0,1,2,4,5) (3,4) (1,5) (3) {31,26,38,201,37,44}
[###.....] (0,1,2,3,4,7) (1,4,5,6,7) (0,1,3,4,7) (0,1) (0,3,4,5,7) (1,3) (0,2,3,4,6,7) (0,2,3,4,5,7) (0,1,3,7) {168,168,39,171,164,22,26,167}
[..#...] (0,2,3,4) (0,2,5) (0,3,4) (1,2,4) (0,1,4) {21,15,26,6,21,11}
[..##] (0,1,3) (1,3) (1,2) {16,50,16,34}
[...##..] (1,2,3,4,6) (2,3,4,5,6) (0,1,4,5) (0,4,5,6) (2,4,6) (2,3,6) (0,1,4,6) {12,21,51,38,52,21,60}
[..##..] (1,2,3,5) (0,3) (2,3,4) (0,3,4) {26,0,6,32,26,0}
[##...#] (0,2,3) (2,3) (2,4) (0,1,5) (2,5) (1,2,4,5) (3,4,5) {19,24,50,28,25,30}
[...#..] (3) (1,5) (1,2,3) (0,1,2,5) (0,1,4) {19,36,18,17,11,15}
[.#..#] (0,1,2,3) (2,3,4) (1,2,3) (2) (1,3,4) (0,2,4) {23,33,59,36,24}
[#.##..#] (3,6) (2,4,5) (0,1,6) (0,2,5,6) (0,3,4,5,6) {58,20,34,36,36,54,74}
[.####....] (0,1,2,5,8) (1,2,4,6,8) (2,3,5,8) (5,6) (0,1,2,3,6,7) (2,3,4,7) (3,4) (7) {18,29,55,42,43,37,23,38,37}
[##.#] (1,2) (1) (0,2) (3) {2,11,5,19}
[#...] (2,3) (0,1) (1,2) (1,3) (0,1,2) (0,3) {17,27,9,5}
[###.#.] (1,3) (0,1,5) (0,1,3,5) (4) (2,3,5) (1,3,4) (0,1,2) (1,2,4,5) {22,48,31,40,33,43}
[#.##] (0,1,2) (1,3) (0,2,3) {15,19,15,10}
[..##..#.#.] (0,1,2,4,6,7) (1,2,4,5,6,7) (0,2,3,4,5,6,7,8) (1,2,4,8) (0,1,2,3,4,7,8,9) (1,3,5,8) (0,1,2,5,6,7,8,9) (0,1,5,6,7,9) (1,5) {15,37,28,22,27,23,13,20,33,10}
[#..#####] (0,2,3,6) (3,4,7) (0,4,5,7) (0,4) (1,2) (0,1,3,4,5) (1,5) {46,12,25,20,30,23,18,20}
[#.###.#.] (0,1,4,5,7) (0,1,3,4,5,7) (0,1,4,5,6,7) (0,1,2,3,4,7) (0,3,4,5,6,7) (1,3,4,5,7) (2,3,4,7) (1,2,4) (0,7) {49,50,24,43,72,48,20,80}
[.....#] (0) (0,1,4,5) (4,5) (1,2,3) (4) (0,1,3,5) (0,2,3,4) (3) {37,7,19,29,43,19}
[######.#.] (1,2,3,4,5,7) (0,1,2,6) (0,2,3,4,5,6,7,8) (1,3,4,5,6) (2,3,4,5,6,8) (0,1,4,5,7,8) (0,4,5,6,7) (2,3,5,7,8) (0,5,8) {44,41,66,58,61,89,51,54,53}
[.#.##] (1,3,4) (0,3) (0,1,2,3) {26,15,11,30,4}
[.##..#.] (2,5) (0,2,6) (3,4,5,6) (0,1,2,4) (0,2,3,5,6) (1,2) {30,25,40,2,18,3,16}
[.#.#.#.###] (5,9) (4,6,8,9) (0,1,2,4,5,6) (3,4,7) (0,2,6,9) (3,4) (2,5,6,7,9) (0,1,2,3,4,5,9) (0,1,2,7,8,9) {55,38,58,40,53,23,33,37,31,71}
[.##.] (1,2) (1,2,3) (2,3) (0,2) (0) (0,1) {47,17,30,8}
[#...#] (1,2) (0,2,4) (0,2,3) (2,3,4) {30,13,56,24,32}
[#.#.#.] (1,2) (0,1) (0,1,2) (0,1,3,5) (0,3) (1,2,3) (2,4,5) (0,2,4,5) {52,40,57,31,22,26}
[..######.] (1,2,3,4,5,6,7,8) (0,1,3,4,5,7) (0,1,7,8) (3,8) (4,5,6) (0,4,7,8) (1,2,5,6,8) (0,2,4,5,6,7,8) (0,1) {152,160,22,32,44,42,32,152,166}
[.#..#.###.] (5,6,9) (0,2,4,5,6,7,9) (1,2) (7,8) (0,2,3,4,7,8,9) (1,3,6,9) (1,3,8,9) (0,1,5,6,7,8,9) {21,21,25,27,18,24,34,38,37,51}
[..#...#] (0,5) (0,1,3) (0,1,4,5,6) (0,1,3,6) (2,3,4,5) (0,1,3,5) (0,3,4,5,6) (0,1,3,5,6) {191,41,16,55,18,202,22}
[.##..#..] (1,3,4,5) (0,1,4,5,7) (2,6) (0,1,6) (0,1,2,3,5,7) (2,4,7) (1,5) (2,3,4,7) (1,2,3,4,5,6) {39,72,34,29,47,56,32,36}
[#...##.#.] (0,1,3,4,5,6,8) (2,4,8) (0,2,3,4,5,6) (1,2,4,5) (0,7,8) (2,3) (0,2,3,5,6,8) (0,2,3,4,6,7) (0,1,3,5,7) (1,3,7,8) {63,61,48,70,56,51,38,57,54}
[.##.] (1,3) (0,3) (2,3) {5,20,20,45}
[###..##] (0,2,3,4,5) (0,1,3,6) (0,1,5,6) (1,2,5) (0,4) {35,46,25,13,9,43,26}
[.####.] (0,1,5) (1,2,4) (1,2,4,5) (1,2,3,4) (0,1,2,3,4) (1,2,3,5) {27,81,63,34,51,48}
[..#.] (2) (2,3) (1) (0,2,3) (1,2) (1,2,3) {17,33,54,50}
[#####..#] (0,2,3,5,6,7) (0,2,3,4,5,6,7) (0,1,3,4,6) (0,7) (0,1,2,6,7) (0,1,2,3,4,6,7) (4,5,7) {52,37,29,26,18,10,46,36}
[...#.] (3,4) (0,2,4) (3) (0,3,4) (1,3) (1,2,3) {35,28,32,69,53}
[..###....#] (0,1,2,5,8) (2,3,4,8) (1,2,3,4,5,6,8,9) (0,4,5,6,7,8,9) (0,1,3,5,6,7,8,9) (1,3,6,7,8,9) (1,3,4,5,6) (0,7,8,9) (4,5) (0,2,3,5,6,7,8) {208,29,206,221,64,247,230,211,231,35}
[..##.##.] (1,5,6,7) (1,2,3,4,6,7) (0,1,2,3,4,6,7) (1,2,4,5) (3,5,6,7) (3,5,6) (1,3) (0,1,2,3) {11,182,27,48,24,196,188,171}
[.#.#.##..] (1,2,4,5,6,7) (0,1,2,5) (1,3,4,5,6,7,8) (0,2,3,6) (3,4) (1,5,8) (0,7) {42,56,45,23,33,56,40,47,21}
[.#...##] (0,1,3) (3,5) (2,4,5) (1,2,4,5) (2,3,5) (0,2,3,5,6) {27,14,194,202,17,211,19}
[...#] (3) (1,2) (0,1,3) (1) {18,37,17,197}
[.##..##] (0,1,2,4,5,6) (2,3,4) (1,2,5,6) (2,5) (0,1,2,3,4,6) {29,39,172,23,34,149,39}
[.#.##.] (1,4) (2,5) (1,2,3,4,5) (0,1,2,4,5) (1,2,3,4) {16,227,228,207,227,215}
[#...#.#.#.] (2,3,5,6,7,8) (3,4,5) (1,3,4,5,6,9) (2,3,6,8) (3,5,6,7,8) (0,5) (0,2,3,4,6,7,8,9) (0,1,2,8) {25,23,28,53,34,54,41,12,28,22}
[###..#.] (4,5,6) (6) (1,2,3,4,6) (1,3,4,6) (1,2) (0,1,6) (4,6) {10,33,17,21,40,2,55}
[#..##.##] (2,3) (4,5) (1,3,7) (2,7) (0,1,2,4,5,6,7) (1,2,4,7) {6,25,41,26,25,21,6,45}
[.#.#] (0,2,3) (1,3) {15,0,15,15}
